﻿iso_code,continent,location,date,total_cases,new_cases,total_deaths,new_deaths,total_cases_per_million,new_cases_per_million,total_deaths_per_million,new_deaths_per_million,new_tests,total_tests,total_tests_per_thousand,new_tests_per_thousand,new_tests_smoothed,new_tests_smoothed_per_thousand,positive_rate,tests_units,stringency_index,population,population_density,median_age,aged_65_older,aged_70_older,gdp_per_capita,cardiovasc_death_rate,diabetes_prevalence,female_smokers,male_smokers,life_expectancy,DateTime_Out,Entity,Code,Right_Date,Stay at home requirements (OxBSG),Right_DateTime_Out
BLR,Europe,Belarus,2020-03-31,105.0,11.0,0.0,0.0,11.112,1.164,0.0,0.0,1000.0,31000.0,3.281,0.106,1086.0,0.115,0.003,tests performed,8.33,9449321.0,46.858,40.3,14.799,9.788,17167.967,443.129,5.18,10.5,46.1,74.79,2020-03-31,Belarus,BLR,"Mar 31, 2020",0,2020-03-31
BLR,Europe,Belarus,2020-04-01,152.0,47.0,0.0,0.0,16.086,4.974,0.0,0.0,1000.0,32000.0,3.386,0.106,1071.0,0.113,0.009000000000000001,tests performed,8.33,9449321.0,46.858,40.3,14.799,9.788,17167.967,443.129,5.18,10.5,46.1,74.79,2020-04-01,Belarus,BLR,"Apr 1, 2020",0,2020-04-01
BLR,Europe,Belarus,2020-04-09,1066.0,205.0,13.0,0.0,112.812,21.695,1.376,0.0,3000.0,49000.0,5.186,0.317,2200.0,0.233,0.059000000000000004,tests performed,19.44,9449321.0,46.858,40.3,14.799,9.788,17167.967,443.129,5.18,10.5,46.1,74.79,2020-04-09,Belarus,BLR,"Apr 9, 2020",0,2020-04-09
BLR,Europe,Belarus,2020-04-13,2578.0,352.0,26.0,3.0,272.824,37.251,2.752,0.317,4000.0,68000.0,7.196,0.423,4000.0,0.423,0.07200000000000001,tests performed,19.44,9449321.0,46.858,40.3,14.799,9.788,17167.967,443.129,5.18,10.5,46.1,74.79,2020-04-13,Belarus,BLR,"Apr 13, 2020",0,2020-04-13
BLR,Europe,Belarus,2020-04-14,2919.0,341.0,29.0,3.0,308.911,36.087,3.069,0.317,3875.0,71875.0,7.606,0.41,4125.0,0.437,0.077,tests performed,19.44,9449321.0,46.858,40.3,14.799,9.788,17167.967,443.129,5.18,10.5,46.1,74.79,2020-04-14,Belarus,BLR,"Apr 14, 2020",0,2020-04-14
BLR,Europe,Belarus,2020-04-15,3281.0,362.0,33.0,4.0,347.221,38.31,3.492,0.423,4323.0,76198.0,8.064,0.457,4314.0,0.457,0.08,tests performed,19.44,9449321.0,46.858,40.3,14.799,9.788,17167.967,443.129,5.18,10.5,46.1,74.79,2020-04-15,Belarus,BLR,"Apr 15, 2020",0,2020-04-15
BLR,Europe,Belarus,2020-04-18,4779.0,575.0,43.0,3.0,505.751,60.851,4.551,0.317,5896.0,92709.0,9.811,0.624,4816.0,0.51,0.083,tests performed,19.44,9449321.0,46.858,40.3,14.799,9.788,17167.967,443.129,5.18,10.5,46.1,74.79,2020-04-18,Belarus,BLR,"Apr 18, 2020",0,2020-04-18
BLR,Europe,Belarus,2020-04-19,5297.0,518.0,45.0,2.0,560.569,54.819,4.762,0.212,5522.0,98231.0,10.396,0.584,4890.0,0.517,0.09,tests performed,19.44,9449321.0,46.858,40.3,14.799,9.788,17167.967,443.129,5.18,10.5,46.1,74.79,2020-04-19,Belarus,BLR,"Apr 19, 2020",0,2020-04-19
BLR,Europe,Belarus,2020-04-20,5807.0,510.0,47.0,2.0,614.542,53.972,4.974,0.212,4335.0,102566.0,10.854,0.459,4938.0,0.523,0.09300000000000001,tests performed,13.89,9449321.0,46.858,40.3,14.799,9.788,17167.967,443.129,5.18,10.5,46.1,74.79,2020-04-20,Belarus,BLR,"Apr 20, 2020",0,2020-04-20
BLR,Europe,Belarus,2020-04-21,6264.0,457.0,51.0,4.0,662.905,48.363,5.397,0.423,5979.0,108545.0,11.487,0.633,5239.0,0.554,0.091,tests performed,13.89,9449321.0,46.858,40.3,14.799,9.788,17167.967,443.129,5.18,10.5,46.1,74.79,2020-04-21,Belarus,BLR,"Apr 21, 2020",0,2020-04-21
BLR,Europe,Belarus,2020-04-22,6723.0,459.0,55.0,4.0,711.48,48.575,5.821,0.423,6410.0,114955.0,12.165,0.678,5537.0,0.586,0.08900000000000001,tests performed,13.89,9449321.0,46.858,40.3,14.799,9.788,17167.967,443.129,5.18,10.5,46.1,74.79,2020-04-22,Belarus,BLR,"Apr 22, 2020",0,2020-04-22
BLR,Europe,Belarus,2020-04-23,7281.0,558.0,58.0,3.0,770.532,59.052,6.138,0.317,7588.0,122543.0,12.968,0.803,5862.0,0.62,0.087,tests performed,13.89,9449321.0,46.858,40.3,14.799,9.788,17167.967,443.129,5.18,10.5,46.1,74.79,2020-04-23,Belarus,BLR,"Apr 23, 2020",0,2020-04-23
BLR,Europe,Belarus,2020-04-24,8022.0,741.0,60.0,2.0,848.95,78.418,6.35,0.212,8281.0,130824.0,13.845,0.876,6287.0,0.665,0.087,tests performed,13.89,9449321.0,46.858,40.3,14.799,9.788,17167.967,443.129,5.18,10.5,46.1,74.79,2020-04-24,Belarus,BLR,"Apr 24, 2020",0,2020-04-24
BLR,Europe,Belarus,2020-04-25,8773.0,751.0,63.0,3.0,928.426,79.477,6.667,0.317,8471.0,139295.0,14.741,0.896,6655.0,0.704,0.086,tests performed,13.89,9449321.0,46.858,40.3,14.799,9.788,17167.967,443.129,5.18,10.5,46.1,74.79,2020-04-25,Belarus,BLR,"Apr 25, 2020",0,2020-04-25
BLR,Europe,Belarus,2020-04-26,9590.0,817.0,67.0,4.0,1014.888,86.461,7.09,0.423,8230.0,147525.0,15.612,0.871,7042.0,0.745,0.087,tests performed,13.89,9449321.0,46.858,40.3,14.799,9.788,17167.967,443.129,5.18,10.5,46.1,74.79,2020-04-26,Belarus,BLR,"Apr 26, 2020",0,2020-04-26
BLR,Europe,Belarus,2020-04-27,10463.0,873.0,72.0,5.0,1107.275,92.388,7.62,0.529,6275.0,153800.0,16.276,0.664,7319.0,0.775,0.091,tests performed,13.89,9449321.0,46.858,40.3,14.799,9.788,17167.967,443.129,5.18,10.5,46.1,74.79,2020-04-27,Belarus,BLR,"Apr 27, 2020",0,2020-04-27
BLR,Europe,Belarus,2020-04-28,11289.0,826.0,75.0,3.0,1194.689,87.414,7.937,0.317,7228.0,161028.0,17.041,0.765,7498.0,0.793,0.096,tests performed,13.89,9449321.0,46.858,40.3,14.799,9.788,17167.967,443.129,5.18,10.5,46.1,74.79,2020-04-28,Belarus,BLR,"Apr 28, 2020",0,2020-04-28
BLR,Europe,Belarus,2020-04-29,12208.0,919.0,79.0,4.0,1291.945,97.256,8.36,0.423,7958.0,168986.0,17.883,0.842,7719.0,0.817,0.102,tests performed,13.89,9449321.0,46.858,40.3,14.799,9.788,17167.967,443.129,5.18,10.5,46.1,74.79,2020-04-29,Belarus,BLR,"Apr 29, 2020",0,2020-04-29
BLR,Europe,Belarus,2020-04-30,13181.0,973.0,84.0,5.0,1394.915,102.97,8.89,0.529,7639.0,176625.0,18.692,0.808,7726.0,0.818,0.109,tests performed,13.89,9449321.0,46.858,40.3,14.799,9.788,17167.967,443.129,5.18,10.5,46.1,74.79,2020-04-30,Belarus,BLR,"Apr 30, 2020",0,2020-04-30
BLR,Europe,Belarus,2020-05-01,14027.0,846.0,89.0,5.0,1484.445,89.53,9.419,0.529,9637.0,186262.0,19.712,1.02,7920.0,0.838,0.10800000000000001,tests performed,13.89,9449321.0,46.858,40.3,14.799,9.788,17167.967,443.129,5.18,10.5,46.1,74.79,2020-05-01,Belarus,BLR,"May 1, 2020",0,2020-05-01
BLR,Europe,Belarus,2020-05-02,14917.0,890.0,93.0,4.0,1578.632,94.187,9.842,0.423,9168.0,195430.0,20.682,0.97,8019.0,0.849,0.109,tests performed,13.89,9449321.0,46.858,40.3,14.799,9.788,17167.967,443.129,5.18,10.5,46.1,74.79,2020-05-02,Belarus,BLR,"May 2, 2020",0,2020-05-02
BLR,Europe,Belarus,2020-05-03,15828.0,911.0,97.0,4.0,1675.041,96.409,10.265,0.423,8809.0,204239.0,21.614,0.932,8102.0,0.857,0.11,tests performed,13.89,9449321.0,46.858,40.3,14.799,9.788,17167.967,443.129,5.18,10.5,46.1,74.79,2020-05-03,Belarus,BLR,"May 3, 2020",0,2020-05-03
BLR,Europe,Belarus,2020-05-04,16705.0,877.0,99.0,2.0,1767.852,92.811,10.477,0.212,7130.0,211369.0,22.369,0.755,8224.0,0.87,0.10800000000000001,tests performed,13.89,9449321.0,46.858,40.3,14.799,9.788,17167.967,443.129,5.18,10.5,46.1,74.79,2020-05-04,Belarus,BLR,"May 4, 2020",0,2020-05-04
BLR,Europe,Belarus,2020-05-08,20168.0,913.0,116.0,4.0,2134.333,96.621,12.276,0.423,10680.0,240146.0,25.414,1.13,7698.0,0.815,0.114,tests performed,13.89,9449321.0,46.858,40.3,14.799,9.788,17167.967,443.129,5.18,10.5,46.1,74.79,2020-05-08,Belarus,BLR,"May 8, 2020",0,2020-05-08
BLR,Europe,Belarus,2020-05-09,21101.0,933.0,121.0,5.0,2233.071,98.737,12.805,0.529,11625.0,251771.0,26.644,1.23,8049.0,0.852,0.11,tests performed,13.89,9449321.0,46.858,40.3,14.799,9.788,17167.967,443.129,5.18,10.5,46.1,74.79,2020-05-09,Belarus,BLR,"May 9, 2020",0,2020-05-09
BLR,Europe,Belarus,2020-05-10,22052.0,951.0,126.0,5.0,2333.713,100.642,13.334,0.529,11772.0,263543.0,27.89,1.246,8472.0,0.897,0.105,tests performed,13.89,9449321.0,46.858,40.3,14.799,9.788,17167.967,443.129,5.18,10.5,46.1,74.79,2020-05-10,Belarus,BLR,"May 10, 2020",0,2020-05-10
BLR,Europe,Belarus,2020-05-11,22973.0,921.0,131.0,5.0,2431.18,97.467,13.863,0.529,10517.0,274060.0,29.003,1.113,8956.0,0.948,0.1,tests performed,13.89,9449321.0,46.858,40.3,14.799,9.788,17167.967,443.129,5.18,10.5,46.1,74.79,2020-05-11,Belarus,BLR,"May 11, 2020",0,2020-05-11
BLR,Europe,Belarus,2020-05-12,23906.0,933.0,135.0,4.0,2529.917,98.737,14.287,0.423,10385.0,284445.0,30.102,1.099,9578.0,1.014,0.096,tests performed,13.89,9449321.0,46.858,40.3,14.799,9.788,17167.967,443.129,5.18,10.5,46.1,74.79,2020-05-12,Belarus,BLR,"May 12, 2020",0,2020-05-12
BLR,Europe,Belarus,2020-05-13,24873.0,967.0,142.0,7.0,2632.253,102.335,15.028,0.741,11935.0,296380.0,31.365,1.263,10421.0,1.103,0.08900000000000001,tests performed,13.89,9449321.0,46.858,40.3,14.799,9.788,17167.967,443.129,5.18,10.5,46.1,74.79,2020-05-13,Belarus,BLR,"May 13, 2020",0,2020-05-13
BLR,Europe,Belarus,2020-05-14,25825.0,952.0,146.0,4.0,2733.001,100.748,15.451,0.423,11776.0,308156.0,32.611,1.246,11241.0,1.19,0.083,tests performed,13.89,9449321.0,46.858,40.3,14.799,9.788,17167.967,443.129,5.18,10.5,46.1,74.79,2020-05-14,Belarus,BLR,"May 14, 2020",0,2020-05-14
BLR,Europe,Belarus,2020-05-23,34303.0,932.0,190.0,5.0,3630.208,98.631,20.107,0.529,15614.0,434618.0,45.995,1.652,14032.0,1.485,0.067,tests performed,13.89,9449321.0,46.858,40.3,14.799,9.788,17167.967,443.129,5.18,10.5,46.1,74.79,2020-05-23,Belarus,BLR,"May 23, 2020",0,2020-05-23
BLR,Europe,Belarus,2020-05-26,37144.0,946.0,204.0,5.0,3930.864,100.113,21.589,0.529,9902.0,472906.0,50.047,1.048,13946.0,1.476,0.067,tests performed,13.89,9449321.0,46.858,40.3,14.799,9.788,17167.967,443.129,5.18,10.5,46.1,74.79,2020-05-26,Belarus,BLR,"May 26, 2020",0,2020-05-26
BLR,Europe,Belarus,2020-05-31,41658.0,894.0,229.0,5.0,4408.571,94.61,24.235,0.529,14534.0,541093.0,57.263,1.538,13183.0,1.395,0.07,tests performed,13.89,9449321.0,46.858,40.3,14.799,9.788,17167.967,443.129,5.18,10.5,46.1,74.79,2020-05-31,Belarus,BLR,"May 31, 2020",0,2020-05-31
BLR,Europe,Belarus,2020-06-01,42556.0,898.0,235.0,6.0,4503.604,95.033,24.87,0.635,12284.0,553377.0,58.563,1.3,12910.0,1.366,0.07,tests performed,13.89,9449321.0,46.858,40.3,14.799,9.788,17167.967,443.129,5.18,10.5,46.1,74.79,2020-06-01,Belarus,BLR,"Jun 1, 2020",0,2020-06-01
BLR,Europe,Belarus,2020-06-02,43403.0,847.0,240.0,5.0,4593.24,89.636,25.399,0.529,9568.0,562945.0,59.575,1.013,12863.0,1.361,0.07,tests performed,13.89,9449321.0,46.858,40.3,14.799,9.788,17167.967,443.129,5.18,10.5,46.1,74.79,2020-06-02,Belarus,BLR,"Jun 2, 2020",0,2020-06-02
BLR,Europe,Belarus,2020-06-08,48630.0,879.0,269.0,6.0,5146.402,93.023,28.468,0.635,10680.0,632993.0,66.988,1.13,11374.0,1.204,0.076,tests performed,13.89,9449321.0,46.858,40.3,14.799,9.788,17167.967,443.129,5.18,10.5,46.1,74.79,2020-06-08,Belarus,BLR,"Jun 8, 2020",0,2020-06-08
BLR,Europe,Belarus,2020-06-16,54680.0,707.0,312.0,4.0,5786.659,74.82,33.018,0.423,10632.0,760549.0,80.487,1.125,15899.0,1.683,0.047,tests performed,13.89,9449321.0,46.858,40.3,14.799,9.788,17167.967,443.129,5.18,10.5,46.1,74.79,2020-06-16,Belarus,BLR,"Jun 16, 2020",0,2020-06-16
BLR,Europe,Belarus,2020-06-19,56657.0,625.0,331.0,7.0,5995.881,66.142,35.029,0.741,21452.0,821887.0,86.978,2.27,17690.0,1.872,0.039,tests performed,13.89,9449321.0,46.858,40.3,14.799,9.788,17167.967,443.129,5.18,10.5,46.1,74.79,2020-06-19,Belarus,BLR,"Jun 19, 2020",0,2020-06-19
BLR,Europe,Belarus,2020-06-20,57333.0,676.0,333.0,2.0,6067.42,71.54,35.241,0.212,20286.0,842173.0,89.125,2.147,18264.0,1.933,0.038,tests performed,13.89,9449321.0,46.858,40.3,14.799,9.788,17167.967,443.129,5.18,10.5,46.1,74.79,2020-06-20,Belarus,BLR,"Jun 20, 2020",0,2020-06-20
BLR,Europe,Belarus,2020-06-25,59945.0,458.0,362.0,5.0,6343.842,48.469,38.31,0.529,17235.0,919139.0,97.27,1.824,16958.0,1.795,0.033,tests performed,13.89,9449321.0,46.858,40.3,14.799,9.788,17167.967,443.129,5.18,10.5,46.1,74.79,2020-06-25,Belarus,BLR,"Jun 25, 2020",0,2020-06-25
BLR,Europe,Belarus,2020-06-26,60382.0,437.0,367.0,5.0,6390.089,46.247,38.839,0.529,20385.0,939524.0,99.428,2.157,16805.0,1.778,0.032,tests performed,13.89,9449321.0,46.858,40.3,14.799,9.788,17167.967,443.129,5.18,10.5,46.1,74.79,2020-06-26,Belarus,BLR,"Jun 26, 2020",0,2020-06-26
BLR,Europe,Belarus,2020-07-23,66521.0,173.0,513.0,6.0,7039.765,18.308,54.29,0.635,10305.0,1219705.0,129.079,1.091,8702.0,0.921,0.018000000000000002,tests performed,11.11,9449321.0,46.858,40.3,14.799,9.788,17167.967,443.129,5.18,10.5,46.1,74.79,2020-07-23,Belarus,BLR,"Jul 23, 2020",0,2020-07-23
BLR,Europe,Belarus,2020-07-24,66688.0,167.0,519.0,6.0,7057.438,17.673,54.925,0.635,10979.0,1230684.0,130.24,1.162,8258.0,0.874,0.018000000000000002,tests performed,11.11,9449321.0,46.858,40.3,14.799,9.788,17167.967,443.129,5.18,10.5,46.1,74.79,2020-07-24,Belarus,BLR,"Jul 24, 2020",0,2020-07-24
BLR,Europe,Belarus,2020-07-25,66846.0,158.0,519.0,0.0,7074.159,16.721,54.925,0.0,10940.0,1241624.0,131.398,1.158,8777.0,0.929,0.017,tests performed,11.11,9449321.0,46.858,40.3,14.799,9.788,17167.967,443.129,5.18,10.5,46.1,74.79,2020-07-25,Belarus,BLR,"Jul 25, 2020",0,2020-07-25
BLR,Europe,Belarus,2020-07-26,67002.0,156.0,530.0,11.0,7090.668,16.509,56.089,1.164,9735.0,1251359.0,132.428,1.03,9124.0,0.966,0.016,tests performed,11.11,9449321.0,46.858,40.3,14.799,9.788,17167.967,443.129,5.18,10.5,46.1,74.79,2020-07-26,Belarus,BLR,"Jul 26, 2020",0,2020-07-26
BLR,Europe,Belarus,2020-07-27,67132.0,130.0,534.0,4.0,7104.426,13.758,56.512,0.423,6040.0,1257399.0,133.068,0.639,8944.0,0.947,0.017,tests performed,11.11,9449321.0,46.858,40.3,14.799,9.788,17167.967,443.129,5.18,10.5,46.1,74.79,2020-07-27,Belarus,BLR,"Jul 27, 2020",0,2020-07-27
BLR,Europe,Belarus,2020-07-30,67518.0,152.0,548.0,5.0,7145.275,16.086,57.994,0.529,10003.0,1288586.0,136.368,1.059,9840.0,1.041,0.013999999999999999,tests performed,11.11,9449321.0,46.858,40.3,14.799,9.788,17167.967,443.129,5.18,10.5,46.1,74.79,2020-07-30,Belarus,BLR,"Jul 30, 2020",0,2020-07-30
BLR,Europe,Belarus,2020-07-31,67665.0,147.0,553.0,5.0,7160.832,15.557,58.523,0.529,10842.0,1299428.0,137.515,1.147,9821.0,1.039,0.013999999999999999,tests performed,11.11,9449321.0,46.858,40.3,14.799,9.788,17167.967,443.129,5.18,10.5,46.1,74.79,2020-07-31,Belarus,BLR,"Jul 31, 2020",0,2020-07-31
