﻿iso_code,continent,location,date,total_cases,new_cases,total_deaths,new_deaths,total_cases_per_million,new_cases_per_million,total_deaths_per_million,new_deaths_per_million,new_tests,total_tests,total_tests_per_thousand,new_tests_per_thousand,new_tests_smoothed,new_tests_smoothed_per_thousand,positive_rate,tests_units,stringency_index,population,population_density,median_age,aged_65_older,aged_70_older,gdp_per_capita,cardiovasc_death_rate,diabetes_prevalence,female_smokers,male_smokers,life_expectancy,DateTime_Out,Entity,Code,Right_Date,Stay at home requirements (OxBSG),Right_DateTime_Out
ETH,Africa,Ethiopia,2020-04-01,25.0,2.0,0.0,0.0,0.217,0.017,0.0,0.0,70.0,1083.0,0.009,0.001,72.0,0.001,0.027999999999999997,tests performed,68.52,114963583.0,104.957,19.8,3.526,2.063,1729.927,182.634,7.47,0.4,8.5,66.6,2020-04-01,Ethiopia,ETH,"Apr 1, 2020",0,2020-04-01
ETH,Africa,Ethiopia,2020-04-06,43.0,5.0,2.0,2.0,0.374,0.043,0.017,0.017,164.0,2007.0,0.017,0.001,153.0,0.001,0.025,tests performed,68.52,114963583.0,104.957,19.8,3.526,2.063,1729.927,182.634,7.47,0.4,8.5,66.6,2020-04-06,Ethiopia,ETH,"Apr 6, 2020",0,2020-04-06
ETH,Africa,Ethiopia,2020-04-07,44.0,1.0,2.0,0.0,0.383,0.009,0.017,0.0,264.0,2271.0,0.02,0.002,180.0,0.002,0.017,tests performed,68.52,114963583.0,104.957,19.8,3.526,2.063,1729.927,182.634,7.47,0.4,8.5,66.6,2020-04-07,Ethiopia,ETH,"Apr 7, 2020",0,2020-04-07
ETH,Africa,Ethiopia,2020-04-08,52.0,8.0,2.0,0.0,0.452,0.07,0.017,0.0,225.0,2496.0,0.022,0.002,202.0,0.002,0.019,tests performed,80.56,114963583.0,104.957,19.8,3.526,2.063,1729.927,182.634,7.47,0.4,8.5,66.6,2020-04-08,Ethiopia,ETH,"Apr 8, 2020",1,2020-04-08
ETH,Africa,Ethiopia,2020-04-09,55.0,3.0,2.0,0.0,0.478,0.026,0.017,0.0,294.0,2790.0,0.024,0.003,234.0,0.002,0.016,tests performed,80.56,114963583.0,104.957,19.8,3.526,2.063,1729.927,182.634,7.47,0.4,8.5,66.6,2020-04-09,Ethiopia,ETH,"Apr 9, 2020",1,2020-04-09
ETH,Africa,Ethiopia,2020-04-13,71.0,2.0,3.0,0.0,0.618,0.017,0.026,0.0,247.0,4110.0,0.036,0.002,300.0,0.003,0.013000000000000001,tests performed,80.56,114963583.0,104.957,19.8,3.526,2.063,1729.927,182.634,7.47,0.4,8.5,66.6,2020-04-13,Ethiopia,ETH,"Apr 13, 2020",1,2020-04-13
ETH,Africa,Ethiopia,2020-04-14,74.0,3.0,3.0,0.0,0.644,0.026,0.026,0.0,447.0,4557.0,0.04,0.004,327.0,0.003,0.013000000000000001,tests performed,80.56,114963583.0,104.957,19.8,3.526,2.063,1729.927,182.634,7.47,0.4,8.5,66.6,2020-04-14,Ethiopia,ETH,"Apr 14, 2020",1,2020-04-14
ETH,Africa,Ethiopia,2020-04-15,82.0,8.0,3.0,0.0,0.713,0.07,0.026,0.0,431.0,4988.0,0.043,0.004,356.0,0.003,0.012,tests performed,80.56,114963583.0,104.957,19.8,3.526,2.063,1729.927,182.634,7.47,0.4,8.5,66.6,2020-04-15,Ethiopia,ETH,"Apr 15, 2020",1,2020-04-15
ETH,Africa,Ethiopia,2020-04-16,85.0,3.0,3.0,0.0,0.739,0.026,0.026,0.0,401.0,5389.0,0.047,0.003,371.0,0.003,0.012,tests performed,80.56,114963583.0,104.957,19.8,3.526,2.063,1729.927,182.634,7.47,0.4,8.5,66.6,2020-04-16,Ethiopia,ETH,"Apr 16, 2020",1,2020-04-16
ETH,Africa,Ethiopia,2020-04-24,116.0,0.0,3.0,0.0,1.009,0.0,0.026,0.0,933.0,11669.0,0.102,0.008,803.0,0.007,0.004,tests performed,80.56,114963583.0,104.957,19.8,3.526,2.063,1729.927,182.634,7.47,0.4,8.5,66.6,2020-04-24,Ethiopia,ETH,"Apr 24, 2020",1,2020-04-24
ETH,Africa,Ethiopia,2020-04-25,117.0,1.0,3.0,0.0,1.018,0.009,0.026,0.0,1019.0,12688.0,0.11,0.009,854.0,0.007,0.004,tests performed,80.56,114963583.0,104.957,19.8,3.526,2.063,1729.927,182.634,7.47,0.4,8.5,66.6,2020-04-25,Ethiopia,ETH,"Apr 25, 2020",1,2020-04-25
ETH,Africa,Ethiopia,2020-04-28,124.0,1.0,3.0,0.0,1.079,0.009,0.026,0.0,1080.0,15668.0,0.136,0.009,996.0,0.009,0.002,tests performed,80.56,114963583.0,104.957,19.8,3.526,2.063,1729.927,182.634,7.47,0.4,8.5,66.6,2020-04-28,Ethiopia,ETH,"Apr 28, 2020",1,2020-04-28
ETH,Africa,Ethiopia,2020-04-29,126.0,2.0,3.0,0.0,1.096,0.017,0.026,0.0,766.0,16434.0,0.143,0.007,960.0,0.008,0.002,tests performed,80.56,114963583.0,104.957,19.8,3.526,2.063,1729.927,182.634,7.47,0.4,8.5,66.6,2020-04-29,Ethiopia,ETH,"Apr 29, 2020",1,2020-04-29
ETH,Africa,Ethiopia,2020-04-30,130.0,4.0,3.0,0.0,1.131,0.035,0.026,0.0,1408.0,17842.0,0.155,0.012,1015.0,0.009,0.002,tests performed,80.56,114963583.0,104.957,19.8,3.526,2.063,1729.927,182.634,7.47,0.4,8.5,66.6,2020-04-30,Ethiopia,ETH,"Apr 30, 2020",1,2020-04-30
ETH,Africa,Ethiopia,2020-05-07,162.0,17.0,4.0,0.0,1.409,0.148,0.035,0.0,1843.0,28360.0,0.247,0.016,1503.0,0.013,0.003,tests performed,80.56,114963583.0,104.957,19.8,3.526,2.063,1729.927,182.634,7.47,0.4,8.5,66.6,2020-05-07,Ethiopia,ETH,"May 7, 2020",1,2020-05-07
ETH,Africa,Ethiopia,2020-05-08,191.0,29.0,4.0,0.0,1.661,0.252,0.035,0.0,1946.0,30306.0,0.264,0.017,1558.0,0.014,0.006,tests performed,80.56,114963583.0,104.957,19.8,3.526,2.063,1729.927,182.634,7.47,0.4,8.5,66.6,2020-05-08,Ethiopia,ETH,"May 8, 2020",1,2020-05-08
ETH,Africa,Ethiopia,2020-05-12,250.0,11.0,5.0,0.0,2.175,0.096,0.043,0.0,2424.0,39048.0,0.34,0.021,1964.0,0.017,0.008,tests performed,80.56,114963583.0,104.957,19.8,3.526,2.063,1729.927,182.634,7.47,0.4,8.5,66.6,2020-05-12,Ethiopia,ETH,"May 12, 2020",1,2020-05-12
ETH,Africa,Ethiopia,2020-05-13,261.0,11.0,5.0,0.0,2.27,0.096,0.043,0.0,2641.0,41689.0,0.363,0.023,2167.0,0.019,0.008,tests performed,80.56,114963583.0,104.957,19.8,3.526,2.063,1729.927,182.634,7.47,0.4,8.5,66.6,2020-05-13,Ethiopia,ETH,"May 13, 2020",1,2020-05-13
ETH,Africa,Ethiopia,2020-05-14,263.0,2.0,5.0,0.0,2.288,0.017,0.043,0.0,3589.0,45278.0,0.394,0.031,2417.0,0.021,0.006,tests performed,80.56,114963583.0,104.957,19.8,3.526,2.063,1729.927,182.634,7.47,0.4,8.5,66.6,2020-05-14,Ethiopia,ETH,"May 14, 2020",1,2020-05-14
ETH,Africa,Ethiopia,2020-05-19,352.0,35.0,5.0,0.0,3.062,0.304,0.043,0.0,3271.0,62300.0,0.542,0.028,3322.0,0.029,0.004,tests performed,80.56,114963583.0,104.957,19.8,3.526,2.063,1729.927,182.634,7.47,0.4,8.5,66.6,2020-05-19,Ethiopia,ETH,"May 19, 2020",1,2020-05-19
ETH,Africa,Ethiopia,2020-05-20,365.0,13.0,5.0,0.0,3.175,0.113,0.043,0.0,3460.0,65760.0,0.572,0.03,3439.0,0.03,0.004,tests performed,80.56,114963583.0,104.957,19.8,3.526,2.063,1729.927,182.634,7.47,0.4,8.5,66.6,2020-05-20,Ethiopia,ETH,"May 20, 2020",1,2020-05-20
ETH,Africa,Ethiopia,2020-05-23,433.0,34.0,5.0,0.0,3.766,0.296,0.043,0.0,3798.0,76962.0,0.669,0.033,3544.0,0.031,0.006,tests performed,80.56,114963583.0,104.957,19.8,3.526,2.063,1729.927,182.634,7.47,0.4,8.5,66.6,2020-05-23,Ethiopia,ETH,"May 23, 2020",1,2020-05-23
ETH,Africa,Ethiopia,2020-05-26,655.0,73.0,5.0,0.0,5.697,0.635,0.043,0.0,3410.0,87264.0,0.759,0.03,3566.0,0.031,0.012,tests performed,80.56,114963583.0,104.957,19.8,3.526,2.063,1729.927,182.634,7.47,0.4,8.5,66.6,2020-05-26,Ethiopia,ETH,"May 26, 2020",1,2020-05-26
ETH,Africa,Ethiopia,2020-05-27,701.0,46.0,6.0,1.0,6.098,0.4,0.052,0.009,4352.0,91616.0,0.797,0.038,3694.0,0.032,0.013000000000000001,tests performed,80.56,114963583.0,104.957,19.8,3.526,2.063,1729.927,182.634,7.47,0.4,8.5,66.6,2020-05-27,Ethiopia,ETH,"May 27, 2020",1,2020-05-27
ETH,Africa,Ethiopia,2020-05-28,731.0,30.0,6.0,0.0,6.359,0.261,0.052,0.0,4950.0,96566.0,0.84,0.043,3872.0,0.034,0.013000000000000001,tests performed,80.56,114963583.0,104.957,19.8,3.526,2.063,1729.927,182.634,7.47,0.4,8.5,66.6,2020-05-28,Ethiopia,ETH,"May 28, 2020",1,2020-05-28
ETH,Africa,Ethiopia,2020-05-29,831.0,100.0,7.0,1.0,7.228,0.87,0.061,0.009,5015.0,101581.0,0.884,0.044,4060.0,0.035,0.015,tests performed,80.56,114963583.0,104.957,19.8,3.526,2.063,1729.927,182.634,7.47,0.4,8.5,66.6,2020-05-29,Ethiopia,ETH,"May 29, 2020",1,2020-05-29
ETH,Africa,Ethiopia,2020-05-30,968.0,137.0,8.0,1.0,8.42,1.192,0.07,0.009,5034.0,106615.0,0.927,0.044,4236.0,0.037,0.018000000000000002,tests performed,80.56,114963583.0,104.957,19.8,3.526,2.063,1729.927,182.634,7.47,0.4,8.5,66.6,2020-05-30,Ethiopia,ETH,"May 30, 2020",1,2020-05-30
ETH,Africa,Ethiopia,2020-05-31,1063.0,95.0,8.0,0.0,9.246,0.826,0.07,0.0,2836.0,109451.0,0.952,0.025,4149.0,0.036,0.02,tests performed,80.56,114963583.0,104.957,19.8,3.526,2.063,1729.927,182.634,7.47,0.4,8.5,66.6,2020-05-31,Ethiopia,ETH,"May 31, 2020",1,2020-05-31
ETH,Africa,Ethiopia,2020-06-01,1172.0,109.0,11.0,3.0,10.195,0.948,0.096,0.026,2926.0,112377.0,0.978,0.025,4075.0,0.035,0.021,tests performed,80.56,114963583.0,104.957,19.8,3.526,2.063,1729.927,182.634,7.47,0.4,8.5,66.6,2020-06-01,Ethiopia,ETH,"Jun 1, 2020",1,2020-06-01
ETH,Africa,Ethiopia,2020-06-02,1257.0,85.0,12.0,1.0,10.934,0.739,0.104,0.009,3932.0,116309.0,1.012,0.034,4149.0,0.036,0.021,tests performed,80.56,114963583.0,104.957,19.8,3.526,2.063,1729.927,182.634,7.47,0.4,8.5,66.6,2020-06-02,Ethiopia,ETH,"Jun 2, 2020",1,2020-06-02
ETH,Africa,Ethiopia,2020-06-03,1344.0,87.0,14.0,2.0,11.691,0.757,0.122,0.017,4120.0,120429.0,1.048,0.036,4116.0,0.036,0.022000000000000002,tests performed,80.56,114963583.0,104.957,19.8,3.526,2.063,1729.927,182.634,7.47,0.4,8.5,66.6,2020-06-03,Ethiopia,ETH,"Jun 3, 2020",1,2020-06-03
ETH,Africa,Ethiopia,2020-06-08,2020.0,86.0,27.0,7.0,17.571,0.748,0.235,0.061,4775.0,147735.0,1.285,0.042,5051.0,0.044,0.024,tests performed,80.56,114963583.0,104.957,19.8,3.526,2.063,1729.927,182.634,7.47,0.4,8.5,66.6,2020-06-08,Ethiopia,ETH,"Jun 8, 2020",1,2020-06-08
ETH,Africa,Ethiopia,2020-06-09,2156.0,136.0,27.0,0.0,18.754,1.183,0.235,0.0,4599.0,152334.0,1.325,0.04,5146.0,0.045,0.025,tests performed,80.56,114963583.0,104.957,19.8,3.526,2.063,1729.927,182.634,7.47,0.4,8.5,66.6,2020-06-09,Ethiopia,ETH,"Jun 9, 2020",1,2020-06-09
ETH,Africa,Ethiopia,2020-06-10,2336.0,180.0,32.0,5.0,20.319,1.566,0.278,0.043,6187.0,158521.0,1.379,0.054,5442.0,0.047,0.026000000000000002,tests performed,80.56,114963583.0,104.957,19.8,3.526,2.063,1729.927,182.634,7.47,0.4,8.5,66.6,2020-06-10,Ethiopia,ETH,"Jun 10, 2020",1,2020-06-10
ETH,Africa,Ethiopia,2020-06-11,2506.0,170.0,35.0,3.0,21.798,1.479,0.304,0.026,6630.0,165151.0,1.437,0.058,5608.0,0.049,0.026000000000000002,tests performed,80.56,114963583.0,104.957,19.8,3.526,2.063,1729.927,182.634,7.47,0.4,8.5,66.6,2020-06-11,Ethiopia,ETH,"Jun 11, 2020",1,2020-06-11
ETH,Africa,Ethiopia,2020-06-14,3166.0,251.0,55.0,8.0,27.539,2.183,0.478,0.07,4845.0,181349.0,1.577,0.042,5484.0,0.048,0.032,tests performed,80.56,114963583.0,104.957,19.8,3.526,2.063,1729.927,182.634,7.47,0.4,8.5,66.6,2020-06-14,Ethiopia,ETH,"Jun 14, 2020",1,2020-06-14
ETH,Africa,Ethiopia,2020-06-15,3345.0,179.0,57.0,2.0,29.096,1.557,0.496,0.017,5636.0,186985.0,1.626,0.049,5607.0,0.049,0.034,tests performed,80.56,114963583.0,104.957,19.8,3.526,2.063,1729.927,182.634,7.47,0.4,8.5,66.6,2020-06-15,Ethiopia,ETH,"Jun 15, 2020",1,2020-06-15
ETH,Africa,Ethiopia,2020-06-16,3521.0,176.0,60.0,3.0,30.627,1.531,0.522,0.026,5102.0,192087.0,1.671,0.044,5679.0,0.049,0.034,tests performed,80.56,114963583.0,104.957,19.8,3.526,2.063,1729.927,182.634,7.47,0.4,8.5,66.6,2020-06-16,Ethiopia,ETH,"Jun 16, 2020",1,2020-06-16
ETH,Africa,Ethiopia,2020-06-17,3630.0,109.0,61.0,1.0,31.575,0.948,0.531,0.009,5274.0,197361.0,1.717,0.046,5549.0,0.048,0.033,tests performed,80.56,114963583.0,104.957,19.8,3.526,2.063,1729.927,182.634,7.47,0.4,8.5,66.6,2020-06-17,Ethiopia,ETH,"Jun 17, 2020",1,2020-06-17
ETH,Africa,Ethiopia,2020-06-18,3759.0,129.0,63.0,2.0,32.697,1.122,0.548,0.017,4853.0,202214.0,1.759,0.042,5295.0,0.046,0.034,tests performed,80.56,114963583.0,104.957,19.8,3.526,2.063,1729.927,182.634,7.47,0.4,8.5,66.6,2020-06-18,Ethiopia,ETH,"Jun 18, 2020",1,2020-06-18
ETH,Africa,Ethiopia,2020-06-19,3954.0,195.0,65.0,2.0,34.394,1.696,0.565,0.017,4809.0,207023.0,1.801,0.042,5171.0,0.045,0.035,tests performed,80.56,114963583.0,104.957,19.8,3.526,2.063,1729.927,182.634,7.47,0.4,8.5,66.6,2020-06-19,Ethiopia,ETH,"Jun 19, 2020",1,2020-06-19
ETH,Africa,Ethiopia,2020-06-22,4532.0,63.0,74.0,2.0,39.421,0.548,0.644,0.017,3238.0,219566.0,1.91,0.028,4654.0,0.04,0.036000000000000004,tests performed,80.56,114963583.0,104.957,19.8,3.526,2.063,1729.927,182.634,7.47,0.4,8.5,66.6,2020-06-22,Ethiopia,ETH,"Jun 22, 2020",1,2020-06-22
ETH,Africa,Ethiopia,2020-06-23,4663.0,131.0,75.0,1.0,40.561,1.139,0.652,0.009,3775.0,223341.0,1.943,0.033,4465.0,0.039,0.037000000000000005,tests performed,80.56,114963583.0,104.957,19.8,3.526,2.063,1729.927,182.634,7.47,0.4,8.5,66.6,2020-06-23,Ethiopia,ETH,"Jun 23, 2020",1,2020-06-23
ETH,Africa,Ethiopia,2020-06-24,4848.0,185.0,75.0,0.0,42.17,1.609,0.652,0.0,4034.0,227375.0,1.978,0.035,4288.0,0.037,0.040999999999999995,tests performed,80.56,114963583.0,104.957,19.8,3.526,2.063,1729.927,182.634,7.47,0.4,8.5,66.6,2020-06-24,Ethiopia,ETH,"Jun 24, 2020",1,2020-06-24
ETH,Africa,Ethiopia,2020-06-25,5034.0,186.0,78.0,3.0,43.788,1.618,0.678,0.026,4675.0,232050.0,2.018,0.041,4262.0,0.037,0.043,tests performed,80.56,114963583.0,104.957,19.8,3.526,2.063,1729.927,182.634,7.47,0.4,8.5,66.6,2020-06-25,Ethiopia,ETH,"Jun 25, 2020",1,2020-06-25
ETH,Africa,Ethiopia,2020-06-26,5175.0,141.0,81.0,3.0,45.014,1.226,0.705,0.026,5414.0,237464.0,2.066,0.047,4349.0,0.038,0.04,tests performed,80.56,114963583.0,104.957,19.8,3.526,2.063,1729.927,182.634,7.47,0.4,8.5,66.6,2020-06-26,Ethiopia,ETH,"Jun 26, 2020",1,2020-06-26
ETH,Africa,Ethiopia,2020-06-27,5425.0,250.0,89.0,8.0,47.189,2.175,0.774,0.07,5552.0,243016.0,2.114,0.048,4477.0,0.039,0.043,tests performed,80.56,114963583.0,104.957,19.8,3.526,2.063,1729.927,182.634,7.47,0.4,8.5,66.6,2020-06-27,Ethiopia,ETH,"Jun 27, 2020",1,2020-06-27
ETH,Africa,Ethiopia,2020-06-28,5570.0,145.0,94.0,5.0,48.45,1.261,0.818,0.043,3895.0,246911.0,2.148,0.034,4369.0,0.038,0.036000000000000004,tests performed,80.56,114963583.0,104.957,19.8,3.526,2.063,1729.927,182.634,7.47,0.4,8.5,66.6,2020-06-28,Ethiopia,ETH,"Jun 28, 2020",1,2020-06-28
